one dimension result
[[38, -1, -1, -1, -1], [6, -1, -1, -1, -1]]
[[-1, 10, -1, -1, -1], [-1, 8, -1, -1, -1]]
[[-1, -1, 1, -1, -1], [-1, -1, 5, -1, -1]]
[[-1, -1, -1, 10, -1], [-1, -1, -1, 35, -1]]
[[-1, -1, -1, -1, 3], [-1, -1, -1, -1, 4]]

two dimension result
[[38, 10, -1, -1, -1], [6, 10, -1, -1, -1]]
[[38, -1, 1, -1, -1], [6, -1, 5, -1, -1]]
[[38, -1, -1, 10, -1], [6, -1, -1, 10, -1]]
[[38, -1, -1, -1, 3], [6, -1, -1, -1, 3]]
[[-1, 10, 1, -1, -1], [-1, 10, 5, -1, -1]]
[[-1, 10, -1, 10, -1], [-1, 8, -1, 35, -1]]
[[-1, 10, -1, -1, 3], [-1, 8, -1, -1, 3]]
[[-1, -1, 1, 10, -1], [-1, -1, 5, 10, -1]]
[[-1, -1, 1, -1, 3], [-1, -1, 5, -1, 3]]
[[-1, -1, -1, 10, 3], [-1, -1, -1, 35, 3]]

three dimension result
[[38, 10, 1, -1, -1], [6, 10, 5, -1, -1]]
[[38, 10, -1, 10, -1], [6, 10, -1, 10, -1]]
[[38, 10, -1, -1, 3], [6, 10, -1, -1, 3]]
[[38, -1, 1, 10, -1], [6, -1, 5, 10, -1]]
[[38, -1, 1, -1, 3], [6, -1, 5, -1, 3]]
[[38, -1, -1, 10, 3], [6, -1, -1, 10, 3]]
[[-1, 10, 1, 10, -1], [-1, 10, 5, 10, -1]]
[[-1, 10, 1, -1, 3], [-1, 10, 5, -1, 3]]
[[-1, 10, -1, 10, 3], [-1, 8, -1, 35, 3]]
[[-1, -1, 1, 10, 3], [-1, -1, 5, 10, 3]]

four dimension result
[[38, 10, 1, 10, -1], [6, 10, 5, 10, -1]]
[[38, 10, 1, -1, 3], [6, 10, 5, -1, 3]]
[[38, 10, -1, 10, 3], [6, 10, -1, 10, 3]]
[[38, -1, 1, 10, 3], [6, -1, 5, 10, 3]]
[[-1, 10, 1, 10, 3], [-1, 10, 5, 10, 3]]

five dimension result
[[38, 10, 1, 10, 3], [6, 10, 5, 10, 3]]

---------------------------------------------------------------
异常时刻：
./test_data/Abnormalytime_forecast_PV_table/1538800500000.npy
运行时间：
0:10:37.324649
根因组合: 
[[-1, -1, 1, -1, -1], [-1, -1, 5, -1, -1]]
组合得分: 
0.9026582786558963
---------------------------------------------------------------

one dimension result
[[28, -1, -1, -1, -1], [15, -1, -1, -1, -1]]
[[-1, 8, -1, -1, -1], [-1, 1, -1, -1, -1]]
[[-1, -1, 1, -1, -1], [-1, -1, 2, -1, -1]]
[[-1, -1, -1, 35, -1], [-1, -1, -1, 5, -1]]
[[-1, -1, -1, -1, 3], [-1, -1, -1, -1, 4]]

two dimension result
[[28, 8, -1, -1, -1], [15, 1, -1, -1, -1]]
[[28, -1, 1, -1, -1], [15, -1, 2, -1, -1]]
[[28, -1, -1, 35, -1], [15, -1, -1, 35, -1]]
[[28, -1, -1, -1, 3], [15, -1, -1, -1, 3]]
[[-1, 8, 1, -1, -1], [-1, 1, 1, -1, -1]]
[[-1, 8, -1, 35, -1], [-1, 1, -1, 35, -1]]
[[-1, 8, -1, -1, 3], [-1, 1, -1, -1, 3]]
[[-1, -1, 1, 35, -1], [-1, -1, 2, 35, -1]]
[[-1, -1, 1, -1, 3], [-1, -1, 2, -1, 3]]
[[-1, -1, -1, 35, 3], [-1, -1, -1, 5, 3]]

three dimension result
[[28, 8, 1, -1, -1], [28, 1, 1, -1, -1]]
[[28, 8, -1, 35, -1], [15, 1, -1, 35, -1]]
[[28, 8, -1, -1, 3], [15, 1, -1, -1, 3]]
[[28, -1, 1, 35, -1], [15, -1, 2, 35, -1]]
[[28, -1, 1, -1, 3], [15, -1, 2, -1, 3]]
[[28, -1, -1, 35, 3], [15, -1, -1, 35, 3]]
[[-1, 8, 1, 35, -1], [-1, 1, 1, 35, -1]]
[[-1, 8, 1, -1, 3], [-1, 1, 1, -1, 3]]
[[-1, 8, -1, 35, 3], [-1, 1, -1, 35, 3]]
[[-1, -1, 1, 35, 3], [-1, -1, 2, 35, 3]]

four dimension result
[[28, 8, 1, 35, -1], [28, 1, 1, 35, -1]]
[[28, 8, 1, -1, 3], [28, 1, 1, -1, 3]]
[[28, 8, -1, 35, 3], [15, 1, -1, 35, 3]]
[[28, -1, 1, 35, 3], [15, -1, 2, 35, 3]]
[[-1, 8, 1, 35, 3], [-1, 1, 1, 35, 3]]

five dimension result
[[28, 8, 1, 35, 3], [28, 1, 1, 35, 3]]

---------------------------------------------------------------
异常时刻：
./test_data/Abnormalytime_forecast_PV_table/1538538300000.npy
运行时间：
0:11:21.385397
根因组合: 
[[-1, 8, -1, -1, 3], [-1, 1, -1, -1, 3]]
组合得分: 
0.6997065054777356
---------------------------------------------------------------

one dimension result
[[38, -1, -1, -1, -1], [46, -1, -1, -1, -1]]
[[-1, 10, -1, -1, -1]]
[[-1, -1, 1, -1, -1], [-1, -1, 3, -1, -1]]
[[-1, -1, -1, 10, -1]]
[[-1, -1, -1, -1, 3], [-1, -1, -1, -1, 4]]

